1 Guachoo 2 100 50 25 13 6 4 12 1
2 MrSouls 5 100 50 40 6 22 24 14 2
3 Coconate 2 100 50 50 3 7 8 24 3
4 Yorgui 4 100 50 35 14 16 12 5 4
5 harmpa 4 100 50 60 4 6 16 17 5
6 Bacoon 3 100 50 65 4 14 19 18 6
7 Custing 3 100 50 50 14 10 9 2 7
8 Pingu 2 100 50 50 8 7 13 24 8
9 Not_found_Name 5 200 100 80 25 23 22 21 9
10 Vicentin 4 100 50 45 12 15 17 3 10
11 MrSmash 1 100 50 50 4 6 12 3 11
12 Cadejo 3 100 50 55 2 3 10 19 12
13 Mora 5 100 100 89 1 5 11 14 13
14 Karpion 2 50 50 50 24 25 5 13 14
20 Jesse 1 100 0.15 5 26 26 26 26 20
21 Bearman 1 100 0.05 20 26 26 26 26 21
22 Harry 1 100 0.05 5 26 26 26 26 22
23 Detective 1 100 0.05 20 26 26 26 26 23
